-1.0 1.0 1.0 0.375 1.0 -0.5773491859436035 0.5773491859436035 0.5773491859436035 
1.0 -1.0 1.0 0.625 0.5 0.5773491859436035 -0.5773491859436035 0.5773491859436035 
1.0 1.0 1.0 0.875 0.5 0.5773491859436035 0.5773491859436035 0.5773491859436035 
1.0 -1.0 1.0 0.625 0.5 0.5773491859436035 -0.5773491859436035 0.5773491859436035 
-1.0 -1.0 -1.0 0.375 0.25 -0.5773491859436035 -0.5773491859436035 -0.5773491859436035 
1.0 -1.0 -1.0 0.625 0.75 0.5773491859436035 -0.5773491859436035 -0.5773491859436035 
-1.0 -1.0 1.0 0.625 0.0 -0.5773491859436035 -0.5773491859436035 0.5773491859436035 
-1.0 1.0 -1.0 0.375 0.75 -0.5773491859436035 0.5773491859436035 -0.5773491859436035 
-1.0 -1.0 -1.0 0.375 0.25 -0.5773491859436035 -0.5773491859436035 -0.5773491859436035 
1.0 1.0 -1.0 0.625 0.75 0.5773491859436035 0.5773491859436035 -0.5773491859436035 
-1.0 -1.0 -1.0 0.375 0.25 -0.5773491859436035 -0.5773491859436035 -0.5773491859436035 
-1.0 1.0 -1.0 0.375 0.75 -0.5773491859436035 0.5773491859436035 -0.5773491859436035 
1.0 1.0 1.0 0.875 0.5 0.5773491859436035 0.5773491859436035 0.5773491859436035 
1.0 -1.0 -1.0 0.625 0.75 0.5773491859436035 -0.5773491859436035 -0.5773491859436035 
1.0 1.0 -1.0 0.625 0.75 0.5773491859436035 0.5773491859436035 -0.5773491859436035 
-1.0 1.0 1.0 0.375 1.0 -0.5773491859436035 0.5773491859436035 0.5773491859436035 
1.0 1.0 -1.0 0.625 0.75 0.5773491859436035 0.5773491859436035 -0.5773491859436035 
-1.0 1.0 -1.0 0.375 0.75 -0.5773491859436035 0.5773491859436035 -0.5773491859436035 
-1.0 1.0 1.0 0.375 1.0 -0.5773491859436035 0.5773491859436035 0.5773491859436035 
-1.0 -1.0 1.0 0.625 0.0 -0.5773491859436035 -0.5773491859436035 0.5773491859436035 
1.0 -1.0 1.0 0.625 0.5 0.5773491859436035 -0.5773491859436035 0.5773491859436035 
1.0 -1.0 1.0 0.625 0.5 0.5773491859436035 -0.5773491859436035 0.5773491859436035 
-1.0 -1.0 1.0 0.625 0.0 -0.5773491859436035 -0.5773491859436035 0.5773491859436035 
-1.0 -1.0 -1.0 0.375 0.25 -0.5773491859436035 -0.5773491859436035 -0.5773491859436035 
-1.0 -1.0 1.0 0.625 0.0 -0.5773491859436035 -0.5773491859436035 0.5773491859436035 
-1.0 1.0 1.0 0.375 1.0 -0.5773491859436035 0.5773491859436035 0.5773491859436035 
-1.0 1.0 -1.0 0.375 0.75 -0.5773491859436035 0.5773491859436035 -0.5773491859436035 
1.0 1.0 -1.0 0.625 0.75 0.5773491859436035 0.5773491859436035 -0.5773491859436035 
1.0 -1.0 -1.0 0.625 0.75 0.5773491859436035 -0.5773491859436035 -0.5773491859436035 
-1.0 -1.0 -1.0 0.375 0.25 -0.5773491859436035 -0.5773491859436035 -0.5773491859436035 
1.0 1.0 1.0 0.875 0.5 0.5773491859436035 0.5773491859436035 0.5773491859436035 
1.0 -1.0 1.0 0.625 0.5 0.5773491859436035 -0.5773491859436035 0.5773491859436035 
1.0 -1.0 -1.0 0.625 0.75 0.5773491859436035 -0.5773491859436035 -0.5773491859436035 
-1.0 1.0 1.0 0.375 1.0 -0.5773491859436035 0.5773491859436035 0.5773491859436035 
1.0 1.0 1.0 0.875 0.5 0.5773491859436035 0.5773491859436035 0.5773491859436035 
1.0 1.0 -1.0 0.625 0.75 0.5773491859436035 0.5773491859436035 -0.5773491859436035 
